version https://git-lfs.github.com/spec/v1
oid sha256:0ce917645a4999f5d2454537cfe1e458228644bf7b4f89b2928a7a2583c7cbf8
size 153648
