version https://git-lfs.github.com/spec/v1
oid sha256:09fe65da5fd71afb076349e887f9cb5ac44ce632b549312e4c5480e3753df197
size 27753
