version https://git-lfs.github.com/spec/v1
oid sha256:638a561483a6aed07049cc81838ff455a27ec6020b255c20c5f9c62c38f6e1d9
size 27906
