version https://git-lfs.github.com/spec/v1
oid sha256:69f26798388bf821058dd89080e9bda7b8e5e5caf5fa89487fcfaea5bf1fd796
size 751
