version https://git-lfs.github.com/spec/v1
oid sha256:f764ec6e4949cbf6a36ee492de6a8ef272eb861efa922f22c8d68a7c7351f025
size 252
