version https://git-lfs.github.com/spec/v1
oid sha256:0194083aba90ea7632ba3913659c6e0fb29b31659b14414d93e42952cf1c0f27
size 74955
