version https://git-lfs.github.com/spec/v1
oid sha256:76837b3d752050049a7816b1bef859cc68bbe92416b36a658e99da9049ae04eb
size 761
