version https://git-lfs.github.com/spec/v1
oid sha256:b799d2939fb0637b816c9860945f259b7083dd7a3e0921d316601b18a4657e0d
size 2032147
