version https://git-lfs.github.com/spec/v1
oid sha256:02115c3606925ef1f8c61d0dceae1d43ad3a9afc470b606566e7649924a8404b
size 249
