version https://git-lfs.github.com/spec/v1
oid sha256:1f8b1e773096aa3dc4b2c87acf88ad219f74546ddebcc6a785ef94c49c29f7c4
size 254
