version https://git-lfs.github.com/spec/v1
oid sha256:87217d77b62f3fc536ca487926327425ea35205842e74094bd712e58f3f771f0
size 252
