version https://git-lfs.github.com/spec/v1
oid sha256:edf1ea7aedd6a5a96964a0d3c20ab641b893758a3c35c07cc0245de3ac569306
size 3481
