version https://git-lfs.github.com/spec/v1
oid sha256:7b3bd6f33d445c6d68856908c0d606c1bef8bfbc306cbadacf8e7071f7aa0dea
size 75204
