version https://git-lfs.github.com/spec/v1
oid sha256:ba8f42d9590f8288bba5f7a8b95e5fa514913494b3f9f4d96f95a95b714bf68d
size 2411
