version https://git-lfs.github.com/spec/v1
oid sha256:43189c12da8fe94b3861517986783ee3ea45d6a80b11c8223b3f747528cac4b4
size 253
