version https://git-lfs.github.com/spec/v1
oid sha256:012d8290fc7ff424d55c888a2ad320d173a68cd06e55e59c2de773b9d59dce98
size 1392
