version https://git-lfs.github.com/spec/v1
oid sha256:85498269b63fff043fcf44a2b660efac92d83d67c51d1dc0eb938e3ab05dd030
size 1799
