version https://git-lfs.github.com/spec/v1
oid sha256:47a6be269442b4b1fad8c9c72393567a3e13ad05b2f3d0942e3f82f8a48b152e
size 2585
