version https://git-lfs.github.com/spec/v1
oid sha256:cb76afbe592e15127bf59062d99d222e10bff898913e1afbe78d4325df26bb37
size 75164
