version https://git-lfs.github.com/spec/v1
oid sha256:992e5e7a140f42c52f1863c23c9e682be4c742712e143117f9d1d97aebd2ffdb
size 748
