version https://git-lfs.github.com/spec/v1
oid sha256:ad56d6a35accb98ce30436ab5caffdf189064021cb02fb62f88aee8495aabdc8
size 34634
