version https://git-lfs.github.com/spec/v1
oid sha256:b480bc6f7d2e107a71b1d87b0f2c492f37834e288e5058e8567926461f20e6bb
size 225966
