version https://git-lfs.github.com/spec/v1
oid sha256:fb14f6ead4b6a48d5e8eea0db86406b7eb3db017f71d7bb5e88411707370f6b6
size 254
