version https://git-lfs.github.com/spec/v1
oid sha256:fc1ae9d3c2476732de283254c2f8a530bbed8282e8427edafef49737f5c04062
size 250
