version https://git-lfs.github.com/spec/v1
oid sha256:64df083c97e5d80f35a0fb084209489f4b138259143cc8a19fae3b58b0a08a47
size 182
