version https://git-lfs.github.com/spec/v1
oid sha256:0c4fd587359d3e0413829f2dab46214e7c566cf26ad3c931a6b247740ef68614
size 21387
