version https://git-lfs.github.com/spec/v1
oid sha256:5d463809e72380166762a09f6cb214f09c59e3b3a6752dccb9eb0fcc0ccb6cc6
size 1753
