version https://git-lfs.github.com/spec/v1
oid sha256:28fb6fcb1ba4de60d93ab965fa0a8512b7e7ffc7d1187c3684dee66d547fe3eb
size 253
