version https://git-lfs.github.com/spec/v1
oid sha256:08ad3f614ba71aa42aa06eb0910d0b6f10ecd0322dfcac8a029019f8394a4891
size 39677
