version https://git-lfs.github.com/spec/v1
oid sha256:a2c6966cbb364ab9984fd3d1f8f76e2bc414ce0846849dfbdac0640bc80352ba
size 3882
