version https://git-lfs.github.com/spec/v1
oid sha256:4fdf2abd230f7691407237d5265c86d424fc5210bdb45a759cab10cc113cbcd2
size 71381
