version https://git-lfs.github.com/spec/v1
oid sha256:78193ea5d4a349359d794863e82322e992406c757ac685e5de7eff6099d8d918
size 178
