version https://git-lfs.github.com/spec/v1
oid sha256:09bd3bcfe69e3f2863b96cb1c2dbc1ca85f9f7a33fc0821c7d07857e6755e88a
size 3891
