version https://git-lfs.github.com/spec/v1
oid sha256:775e1643bb35ce681ca989d7f4f62bd6cb1f35935e9979c7513c26eb087a6921
size 1608
