version https://git-lfs.github.com/spec/v1
oid sha256:3cfb7f766a296c30dcbc51466a4eb8d5df9a8ffaf469454bfc1e982c04f9f33b
size 1396
