version https://git-lfs.github.com/spec/v1
oid sha256:744e04252933e7f13fbb0c881823a61d1b3adc104367a93307054e27e43c7180
size 1537
