version https://git-lfs.github.com/spec/v1
oid sha256:b197033ef2d9f1d674cccf1b574ad6f1b30022bebf438a7d36fcdab88a4d3fe7
size 181
