version https://git-lfs.github.com/spec/v1
oid sha256:86b0ba4e31df5d9661d3adae2cdeaa55f4a4fe107cf6075694b0f3d2195646b9
size 775
