version https://git-lfs.github.com/spec/v1
oid sha256:b94b06400d3120fc6f4edba15d41f4d0d18d4e1e124c53e4666bc7124be45fa1
size 74454
