version https://git-lfs.github.com/spec/v1
oid sha256:c287f057083ee0232175ef42c6537fca621ae24cb6d017ed93da8d377c8350fb
size 255
