version https://git-lfs.github.com/spec/v1
oid sha256:9f9887080b18be5c0a9e5bca941675c0b8a055dc0089bcec0c8c0ac52f75b2ba
size 253
