version https://git-lfs.github.com/spec/v1
oid sha256:ad075f007d6df9ff99b41f99f6961ebda69bb16a0d119f1ed8b19c6cfab03cbb
size 1761
