version https://git-lfs.github.com/spec/v1
oid sha256:6b09b24c719d61cfd1fe12f0ed611c252f826c83e518db2581ef224a903e2df8
size 40587
