version https://git-lfs.github.com/spec/v1
oid sha256:d25cc737e3a1e3f68dac1209dc7e9d325dbd349e2db9f6937977e36418650525
size 255
