version https://git-lfs.github.com/spec/v1
oid sha256:6d2ce72cac5f0c4ff0cab1cd95419557a567cf2dceff6b2a2cf1565357915b1e
size 2591
