version https://git-lfs.github.com/spec/v1
oid sha256:e09d02287eed9d70220aa62549a422236e0fe971bd4f4d323e4f1ad8fb6fbba1
size 251
