version https://git-lfs.github.com/spec/v1
oid sha256:73197269b4203a8027320cff92a99f43df87e75af5e2d4ce6fc65fccf1c3bdbe
size 750
