version https://git-lfs.github.com/spec/v1
oid sha256:9d6de8f93b10aa7da9bcaf54f2938139805cfb6cab28a21398a658b076a0f027
size 182
