version https://git-lfs.github.com/spec/v1
oid sha256:dba99e2c8648b707c471d6efa855a4cedb8d53671579f4b7e4d42de8409e9906
size 777
