version https://git-lfs.github.com/spec/v1
oid sha256:27b581e7d379f45123c6c62238666b4e6419f4a15e41c014d0db546932b63b26
size 41689
