version https://git-lfs.github.com/spec/v1
oid sha256:e90d833cd513605e4e14709fee449caf60275df4696e5c142d4f5750337754fd
size 180
