version https://git-lfs.github.com/spec/v1
oid sha256:ee01c2184d3f32919e9c0b2bcb0e2677c6c993bbb812a02c14e6885030a98500
size 1753802
