version https://git-lfs.github.com/spec/v1
oid sha256:c2b07265214beabbbb93efde5de14e37cbbd75248abbb666e9c9627c63592781
size 181
