version https://git-lfs.github.com/spec/v1
oid sha256:5de28c46f3b6d25663b33ec8c6234933f8005d520af27b169569fa1736b49c87
size 9785
