version https://git-lfs.github.com/spec/v1
oid sha256:7bf0a72e27c7ccba6ba4b7d7c9dde0e419661c3f4e5f5754a4735d66f16ac6e8
size 775
