version https://git-lfs.github.com/spec/v1
oid sha256:e7a5489792830c78a7842fb905c24a5b1eac2f49429bcc695eb30b60af942146
size 294120
