version https://git-lfs.github.com/spec/v1
oid sha256:2d9d6e7fe2b32532ebdc3f72ea1b779e919b25d7cee69b087822fe668dd155d2
size 41714
