version https://git-lfs.github.com/spec/v1
oid sha256:c8d394430a9abb79935b7707da31a740e693ed6622d88feb5ef20b1fcb40ee7d
size 253
