version https://git-lfs.github.com/spec/v1
oid sha256:6ce18ea25c146470bd1bf4b597a07a5ff52490b4536e4cc3b1650f0b27cf4d8a
size 34052
