version https://git-lfs.github.com/spec/v1
oid sha256:0840eaa7d466b3bc3bf9848cd4138eeb051762c4e805656b9933e75167041f55
size 249
